**********************************************************************************
hidden_size = 2, Epoch=100
**********************************************************************************
Training with learning rate = 0.01 and momentum = 0.1
Epoch loop: 1, Error: 0.038143815951966836
Actual Output    Predict Output          error 
     345      | 373.5175062521955   | 28.517506252195517
     351      | 373.06393696407446   | 22.063936964074458
     235      | 374.6268453473594   | 139.6268453473594
     251      | 374.5731650051224   | 123.5731650051224
     276      | 374.1063354165033   | 98.10633541650333
     215      | 374.7001283882373   | 159.70012838823732
     322      | 373.7788892371736   | 51.77888923717359
     349      | 373.4440944251909   | 24.444094425190883
     353      | 373.36608289048354   | 20.36608289048354
     470      | 373.1141237650622   | 96.88587623493783
     294      | 374.2705447072995   | 80.2705447072995
     374      | 373.19980799253426   | 0.8001920074657392
     405      | 372.7112045454128   | 32.288795454587216
     245      | 374.7190655159932   | 129.71906551599318
     259      | 374.31891837675846   | 115.31891837675846
     234      | 374.4682058693233   | 140.4682058693233
     241      | 374.3697419490875   | 133.36974194908748
     416      | 372.68291721964033   | 43.31708278035967
     380      | 374.4650522663609   | 5.534947733639115
     362      | 374.93274361005604   | 12.932743610056036
     361      | 373.30884618695586   | 12.308846186955861
     323      | 373.56241378002164   | 50.56241378002164
     417      | 372.70673411246275   | 44.293265887537245
     250      | 374.6324552406945   | 124.63245524069453
     288      | 374.03284451415766   | 86.03284451415766
     390      | 374.8485550596507   | 15.151444940349279
     215      | 374.77165900160435   | 159.77165900160435
     412      | 375.0320560416767   | 36.9679439583233
     465      | 375.5743213348463   | 89.42567866515373
     328      | 374.55227432972515   | 46.55227432972515
     213      | 374.8276720131006   | 161.8276720131006
     344      | 373.11507057474375   | 29.115070574743754
************Accuracy = 73.10284257165199 % **************
Training with learning rate = 0.01 and momentum = 0.2
Epoch loop: 1, Error: 0.037063232551139205
Actual Output    Predict Output          error 
     345      | 373.51544723754625   | 28.515447237546255
     351      | 373.62127263462025   | 22.621272634620254
     235      | 373.2560684478167   | 138.2560684478167
     251      | 373.2702602327657   | 122.27026023276568
     276      | 373.3745527168228   | 97.37455271682279
     215      | 373.2398387079328   | 158.2398387079328
     322      | 373.45334661842196   | 51.45334661842196
     349      | 373.53224110466635   | 24.532241104666355
     353      | 373.55084428601805   | 20.550844286018048
     470      | 373.6696037620259   | 96.33039623797413
     294      | 373.3399065894506   | 79.3399065894506
     374      | 373.59232395621166   | 0.4076760437883422
     405      | 373.7115485033238   | 31.288451496676203
     245      | 373.23609277241474   | 128.23609277241474
     259      | 373.32687114602635   | 114.32687114602635
     234      | 373.29147038822197   | 139.29147038822197
     241      | 373.3131112329921   | 132.31311123299213
     416      | 373.7247242386376   | 42.27527576136242
     380      | 373.2956506521863   | 6.704349347813718
     362      | 373.1929326959264   | 11.192932695926402
     361      | 373.565011612781   | 12.565011612781007
     323      | 373.50224926823677   | 50.50224926823677
     417      | 373.71325858958915   | 43.286741410410855
     250      | 373.25717404669354   | 123.25717404669354
     288      | 373.39168593147    | 85.39168593147002
     390      | 373.2123847213803   | 16.787615278619683
     215      | 373.22419390691994   | 158.22419390691994
     412      | 373.1753962842228   | 38.82460371577719
     465      | 373.0663860273514   | 91.93361397264857
     328      | 373.2782705025396   | 45.27827050253961
     213      | 373.2119773567471   | 160.21197735674713
     344      | 373.6082837556065   | 29.60828375560652
************Accuracy = 73.30056983085304 % **************
Training with learning rate = 0.01 and momentum = 0.3
Epoch loop: 1, Error: 0.03662021802837058
Actual Output    Predict Output          error 
     345      | 373.5129579715857   | 28.512957971585706
     351      | 374.2502617449906   | 23.25026174499061
     235      | 371.7096584576622   | 136.70965845766221
     251      | 371.8020046586655   | 120.80200465866551
     276      | 372.5482351096886   | 96.54823510968862
     215      | 371.59294328832914   | 156.59294328832914
     322      | 373.0858681993315   | 51.085868199331514
     349      | 373.6315176028702   | 24.63151760287019
     353      | 373.75914153776364   | 20.75914153776364
     470      | 374.3008481231126   | 95.69915187688741
     294      | 372.29086241894834   | 78.29086241894834
     374      | 374.0355214922123   | 0.035521492212296835
     405      | 374.841820676469   | 30.158179323530987
     245      | 371.5641222499056   | 126.56412224990561
     259      | 372.2077923908414   | 113.2077923908414
     234      | 371.96341826108915   | 137.96341826108915
     241      | 372.1198673892261   | 131.1198673892261
     416      | 374.902778593511   | 41.097221406488984
     380      | 371.9777130544343   | 8.022286945565725
     362      | 371.23563918347065   | 9.235639183470653
     361      | 373.85405507978965   | 12.854055079789646
     323      | 373.43373790269163   | 50.43373790269163
     417      | 374.8509706084765   | 42.14902939152353
     250      | 371.7077125524752   | 121.70771255247519
     288      | 372.6676413523759   | 84.66764135237588
     390      | 371.37161728871376   | 18.628382711286235
     215      | 371.47965563050803   | 156.47965563050803
     412      | 371.0884002495943   | 40.911599750405685
     465      | 370.25335231021654   | 94.74664768978346
     328      | 371.84401627612135   | 43.84401627612135
     213      | 371.3910584724001   | 158.39105847240012
     344      | 374.1647059784772   | 30.164705978477173
************Accuracy = 73.52319557201052 % **************
Training with learning rate = 0.1 and momentum = 0.1
Epoch loop: 1, Error: 0.03612590097931686
Actual Output    Predict Output          error 
     345      | 373.75058539392404   | 28.75058539392404
     351      | 380.03254024649414   | 29.032540246494136
     235      | 356.56112170518816   | 121.56112170518816
     251      | 358.42354527801456   | 107.42354527801456
     276      | 364.585616690816   | 88.58561669081598
     215      | 355.60782445215114   | 140.60782445215114
     322      | 369.94164152649864   | 47.94164152649864
     349      | 374.76783874885496   | 25.767838748854956
     353      | 375.85278155816326   | 22.852781558163258
     470      | 382.67409084504976   | 87.32590915495024
     294      | 362.98209275564506   | 68.98209275564506
     374      | 378.4129646023206   | 4.412964602320585
     405      | 385.28531709127464   | 19.714682908725365
     245      | 355.5887934065628   | 110.58879340656279
     259      | 361.719975881716   | 102.71997588171598
     234      | 358.8868564267859   | 124.88685642678593
     241      | 360.0888617136251   | 119.08886171362508
     416      | 386.30054455838587   | 29.699455441614134
     380      | 360.0743493233458   | 19.925650676654186
     362      | 354.48855343664735   | 7.511446563352649
     361      | 376.7504863894012   | 15.750486389401203
     323      | 372.7981733431928   | 49.798173343192786
     417      | 385.64130165867186   | 31.358698341328136
     250      | 357.68414542725475   | 107.68414542725475
     288      | 365.7547721521914   | 77.75477215219138
     390      | 355.75943691374243   | 34.240563086257566
     215      | 354.7919604786188   | 139.79196047861882
     412      | 354.0019902121553   | 57.998009787844694
     465      | 348.9791906723801   | 116.02080932761987
     328      | 359.6480559884538   | 31.64805598845379
     213      | 354.16720133812606   | 141.16720133812606
     344      | 379.2324515482843   | 35.2324515482843
************Accuracy = 75.50404508200664 % **************
Training with learning rate = 0.1 and momentum = 0.2
Epoch loop: 1, Error: 0.030804130588299533
Actual Output    Predict Output          error 
     345      | 374.27163086751875   | 29.271630867518752
     351      | 389.63025105312624   | 38.630251053126244
     235      | 326.33210172337084   | 91.33210172337084
     251      | 334.456378522928   | 83.45637852292799
     276      | 347.83904577613345   | 71.83904577613345
     215      | 324.4169134735083   | 109.41691347350832
     322      | 364.1483304703449   | 42.14833047034489
     349      | 376.7853439375782   | 27.785343937578205
     353      | 379.44509360749134   | 26.445093607491344
     470      | 409.5346318261004   | 60.465368173899606
     294      | 346.6420951330791   | 52.642095133079124
     374      | 386.81297846384814   | 12.81297846384814
     405      | 403.78674247917934   | 1.2132575208206617
     245      | 325.17514134813587   | 80.17514134813587
     259      | 341.3493426968985   | 82.34934269689847
     234      | 331.98760346892936   | 97.98760346892936
     241      | 334.14889189272947   | 93.14889189272947
     416      | 409.02511921826914   | 6.97488078173086
     380      | 338.8929213869882   | 41.10707861301182
     362      | 328.9697492628943   | 33.03025073710569
     361      | 382.1026603805468   | 21.10266038054681
     323      | 370.53510215698833   | 47.53510215698833
     417      | 406.0904973402706   | 10.909502659729412
     250      | 333.0279817545515   | 83.02798175455149
     288      | 351.23845037727557   | 63.23845037727557
     390      | 332.3366020637969   | 57.663397936203125
     215      | 323.1843779987602   | 108.18437799876023
     412      | 330.8915364677437   | 81.10846353225628
     465      | 327.4170234486969   | 137.5829765513031
     328      | 340.8211696266441   | 12.82116962664412
     213      | 322.293711549151   | 109.293711549151
     344      | 387.28767472299035   | 43.287674722990346
************Accuracy = 79.41383312953604 % **************
Training with learning rate = 0.1 and momentum = 0.3
Epoch loop: 1, Error: 0.019002674018775485
Actual Output    Predict Output          error 
     345      | 373.11114838774176   | 28.111148387741764
     351      | 397.5110647913339   | 46.51106479133392
     235      | 296.72335857847605   | 61.72335857847605
     251      | 310.33428086446554   | 59.33428086446554
     276      | 328.09918666057575   | 52.099186660575754
     215      | 294.4978763966703   | 79.49787639667028
     322      | 356.23023212690356   | 34.23023212690356
     349      | 377.1348172666769   | 28.13481726667692
     353      | 381.3860263519332   | 28.386026351933197
     470      | 447.1238348715321   | 22.876165128467903
     294      | 328.9472496964702   | 34.94724969647018
     374      | 394.50166456971465   | 20.50166456971465
     405      | 421.7946668545976   | 16.794666854597608
     245      | 296.022668604748   | 51.02266860474799
     259      | 319.1470775782613   | 60.1470775782613
     234      | 304.12989381171485   | 70.12989381171485
     241      | 306.46221711586594   | 65.46221711586594
     416      | 433.65165506923427   | 17.651655069234266
     380      | 317.0867405648302   | 62.91325943516978
     362      | 305.9814060773221   | 56.018593922677894
     361      | 386.17770057408234   | 25.177700574082337
     323      | 365.5206700778248   | 42.520670077824775
     417      | 427.2414940489961   | 10.241494048996117
     250      | 308.63286891845695   | 58.63286891845695
     288      | 333.642182965776   | 45.64218296577599
     390      | 311.0534066886819   | 78.94659331131811
     215      | 293.40269306218084   | 78.40269306218084
     412      | 311.422474060714   | 100.57752593928598
     465      | 314.34645275619977   | 150.65354724380023
     328      | 322.5174607503074   | 5.482539249692593
     213      | 292.6670411067062   | 79.66704110670622
     344      | 393.2952164921596   | 49.295216492159625
************Accuracy = 82.92041834991552 % **************
Training with learning rate = 0.2 and momentum = 0.1
Epoch loop: 1, Error: 0.009662152878330053
Actual Output    Predict Output          error 
     345      | 371.09254624331345   | 26.09254624331345
     351      | 400.4510689605379   | 49.451068960537896
     235      | 281.5314485189058   | 46.53144851890579
     251      | 297.0628007034736   | 46.06280070347361
     276      | 315.6117353933655   | 39.61173539336551
     215      | 279.3942986981862   | 64.39429869818622
     322      | 350.2618960945062   | 28.2618960945062
     349      | 375.9754598405659   | 26.975459840565918
     353      | 381.1444886530495   | 28.144488653049507
     470      | 474.2034317346431   | 4.203431734643118
     294      | 318.2461278725475   | 24.246127872547504
     374      | 397.9948109266263   | 23.994810926626315
     405      | 431.25539167282864   | 26.255391672828637
     245      | 281.21924868137535   | 36.21924868137535
     259      | 306.0410630267031   | 47.041063026703114
     234      | 288.94694464674166   | 54.946944646741656
     241      | 291.0392466114648   | 50.03924661146482
     416      | 448.25652618255276   | 32.25652618255276
     380      | 304.86623242758407   | 75.13376757241593
     362      | 294.4121371795313   | 67.58786282046867
     361      | 387.3251506472903   | 26.325150647290286
     323      | 360.7423698931907   | 37.7423698931907
     417      | 439.11391259705994   | 22.113912597059937
     250      | 295.40137819176965   | 45.40137819176965
     288      | 322.13264270569914   | 34.13264270569914
     390      | 300.23535645159313   | 89.76464354840687
     215      | 278.5429914384411   | 63.542991438441106
     412      | 302.2107840425297   | 109.78921595747028
     465      | 311.2469248696853   | 153.7530751303147
     328      | 312.4113143998095   | 15.588685600190502
     213      | 278.0140978222104   | 65.01409782221037
     344      | 395.000289004543   | 51.00028900454299
************Accuracy = 84.66587990000401 % **************
Training with learning rate = 0.2 and momentum = 0.2
Epoch loop: 1, Error: 0.006834938759560214
Actual Output    Predict Output          error 
     345      | 370.0635020362744   | 25.06350203627437
     351      | 399.81257542462436   | 48.812575424624356
     235      | 279.0582006228716   | 44.058200622871595
     251      | 294.86092228109266   | 43.860922281092655
     276      | 312.77182588069525   | 36.771825880695246
     215      | 277.0022441243881   | 62.002244124388085
     322      | 348.6179917883069   | 26.61799178830688
     349      | 375.05791386465614   | 26.057913864656143
     353      | 380.3543385924143   | 27.354338592414308
     470      | 482.98174797868717   | 12.981747978687167
     294      | 316.2382882866024   | 22.238288286602426
     374      | 397.96543969691277   | 23.965439696912767
     405      | 432.0892056174772   | 27.089205617477205
     245      | 278.92494752540625   | 33.92494752540625
     259      | 303.4540004754862   | 44.454000475486225
     234      | 286.1404204039572   | 52.140420403957194
     241      | 288.02943736438067   | 47.02943736438067
     416      | 450.95132230353545   | 34.95132230353545
     380      | 302.9853453758484   | 77.0146546241516
     362      | 293.32733705960186   | 68.67266294039814
     361      | 386.81725599575554   | 25.817255995755545
     323      | 358.9055431595408   | 35.9055431595408
     417      | 440.74761188917773   | 23.747611889177733
     250      | 293.2941648983834   | 43.29416489838343
     288      | 319.3849209311248   | 31.384920931124782
     390      | 299.345591435137   | 90.65440856486299
     215      | 276.286169850018   | 61.286169850017984
     412      | 302.1673178769026   | 109.83268212309741
     465      | 314.65911793445184   | 150.34088206554816
     328      | 311.1417817039972   | 16.858218296002804
     213      | 275.8693108572136   | 62.86931085721358
     344      | 394.0959019634615   | 50.09590196346147
************Accuracy = 85.02991563073768 % **************
Training with learning rate = 0.2 and momentum = 0.3
Epoch loop: 1, Error: 0.006280069522145932
Actual Output    Predict Output          error 
     345      | 369.4263795254621   | 24.426379525462096
     351      | 398.38516023373757   | 47.385160233737565
     235      | 279.603428858543   | 44.603428858543
     251      | 295.4070623465788   | 44.40706234657881
     276      | 312.51300210010055   | 36.51300210010055
     215      | 277.6004010065755   | 62.60040100657551
     322      | 348.2424819837489   | 26.242481983748917
     349      | 374.3383477180349   | 25.338347718034925
     353      | 379.5559586422036   | 26.55595864220362
     470      | 486.5227142392663   | 16.522714239266293
     294      | 316.5113619562829   | 22.511361956282883
     374      | 397.0836518417922   | 23.083651841792175
     405      | 430.7154499241178   | 25.71544992411782
     245      | 279.58912127212307   | 34.589121272123066
     259      | 303.5758743908154   | 44.575874390815386
     234      | 286.3640868219162   | 52.3640868219162
     241      | 288.09186597481204   | 47.09186597481204
     416      | 450.4296281861027   | 34.42962818610272
     380      | 303.71976749121086   | 76.28023250878914
     362      | 294.7680560140044   | 67.2319439859956
     361      | 385.9866318700274   | 24.986631870027395
     323      | 358.03526277284334   | 35.03526277284334
     417      | 439.67067396405787   | 22.67067396405787
     250      | 293.9289600054584   | 43.92896000545841
     288      | 319.02718236906    | 31.02718236905997
     390      | 300.8720311384944   | 89.12796886150562
     215      | 276.97989588008056   | 61.97989588008056
     412      | 304.31379073634326   | 107.68620926365674
     465      | 319.43696867018934   | 145.56303132981066
     328      | 312.0968043947886   | 15.903195605211408
     213      | 276.6433228062576   | 63.64332280625757
     344      | 392.68071750037967   | 48.68071750037967
************Accuracy = 85.12668021951943 % **************
**********************************************************************************
hidden_size = 8, Epoch=100
**********************************************************************************
Training with learning rate = 0.01 and momentum = 0.1
Epoch loop: 1, Error: 0.0351686184027057
Actual Output    Predict Output          error 
     398      | 291.90108212420466   | 106.09891787579534
     232      | 287.1520526042584   | 55.152052604258415
     303      | 286.5872168646984   | 16.412783135301595
     447      | 295.22554901557305   | 151.77445098442695
     160      | 283.37427428574273   | 123.37427428574273
     235      | 287.30159514732213   | 52.30159514732213
     341      | 297.7756166417207   | 43.22438335827928
     209      | 287.3801913931022   | 78.38019139310222
     349      | 298.5040832112461   | 50.4959167887539
     296      | 293.92158015862657   | 2.0784198413734316
     308      | 294.7222340192898   | 13.277765980710228
     246      | 289.502334423956   | 43.50233442395597
     245      | 289.2214095353586   | 44.22140953535859
     309      | 294.96940504998327   | 14.030594950016734
     390      | 290.5868657352553   | 99.41313426474471
     214      | 287.334969174103   | 73.33496917410298
     231      | 288.3146200051448   | 57.314620005144775
     380      | 289.5632235828933   | 90.43677641710673
     242      | 288.757046453694   | 46.75704645369399
     255      | 287.5985635186162   | 32.598563518616174
     322      | 296.4382561163019   | 25.561743883698114
     469      | 306.22036832635285   | 162.77963167364715
     410      | 302.65092425009584   | 107.34907574990416
     245      | 287.50542985204083   | 42.505429852040834
     253      | 291.2000070548279   | 38.20000705482789
     471      | 309.26081851362324   | 161.73918148637676
     217      | 287.18977339224114   | 70.18977339224114
     268      | 291.7452229932107   | 23.74522299321069
     308      | 292.3843440651451   | 15.615655934854885
     305      | 293.93611322919526   | 11.063886770804743
     465      | 303.23601317587    | 161.76398682412997
     302      | 292.2758643880678   | 9.724135611932184
************Accuracy = 79.27804341727554 % **************
Training with learning rate = 0.01 and momentum = 0.2
Epoch loop: 1, Error: 0.03085181525165736
Actual Output    Predict Output          error
     398      | 292.41748752193223   | 105.58251247806777
     232      | 283.0586413213575   | 51.05864132135753
     303      | 283.4745696311152   | 19.525430368884827
     447      | 299.263139497615   | 147.736860502385
     160      | 275.51903390001485   | 115.51903390001485
     235      | 283.37329513821885   | 48.37329513821885
     341      | 301.29062971295093   | 39.70937028704907
     209      | 283.48023157667745   | 74.48023157667745
     349      | 302.50235490146554   | 46.49764509853446
     296      | 294.46157014855174   | 1.5384298514482566
     308      | 295.98863487404765   | 12.011365125952352
     246      | 287.10675783366423   | 41.10675783366423
     245      | 286.5540654399796   | 41.55406543997958
     309      | 296.35421721725925   | 12.645782782740753
     390      | 290.1192694802105   | 99.8807305197895
     214      | 283.4196038251485   | 69.4196038251485
     231      | 284.9393236049038   | 53.93932360490379
     380      | 288.4517189637828   | 91.54828103621719
     242      | 285.7180186829928   | 43.718018682992806
     255      | 284.17546804362223   | 29.17546804362223
     322      | 298.8821420964696   | 23.11785790353042
     469      | 319.9405140820854   | 149.05948591791463
     410      | 309.8923484186563   | 100.1076515813437
     245      | 283.8421769227223   | 38.842176922722274
     253      | 289.94533770144045   | 36.94533770144045
     471      | 325.7413034008384   | 145.25869659916162
     217      | 283.09952085306116   | 66.09952085306116
     268      | 290.7948388554829   | 22.794838855482908
     308      | 292.1656015704675   | 15.834398429532484
     305      | 294.59452630979405   | 10.405473690205952
     465      | 313.7871654479735   | 151.2128345520265
     302      | 291.97446758462587   | 10.02553241537413
************Accuracy = 80.41769834501116 % **************
Training with learning rate = 0.01 and momentum = 0.3
Epoch loop: 1, Error: 0.02661379998867679
Actual Output    Predict Output          error
     398      | 292.8036505117757   | 105.19634948822431
     232      | 278.6874198356428   | 46.6874198356428
     303      | 280.10504578090416   | 22.894954219095837
     447      | 303.30728759768635   | 143.69271240231365
     160      | 267.34490388168024   | 107.34490388168024
     235      | 279.1707037489546   | 44.17070374895462
     341      | 304.80799373074285   | 36.19200626925715
     209      | 279.3060935056055   | 70.30609350560547
     349      | 306.5234758013813   | 42.47652419861868
     296      | 294.8794584699631   | 1.1205415300369168
     308      | 297.1611753643881   | 10.8388246356119
     246      | 284.47978402705166   | 38.479784027051664
     245      | 283.6475111178638   | 38.647511117863814
     309      | 297.65030692797063   | 11.349693072029368
     390      | 289.483049413128   | 100.51695058687199
     214      | 279.2298944590898   | 65.22989445908979
     231      | 281.3047366897778   | 50.304736689777826
     380      | 287.1484569053737   | 92.85154309462632
     242      | 282.4295261724659   | 40.4295261724659
     255      | 280.49009266314056   | 25.490092663140558
     322      | 301.2825196543191   | 20.717480345680883
     469      | 334.0115669215108   | 134.9884330784892
     410      | 317.2899524195972   | 92.71004758040277
     245      | 279.9107844485083   | 34.91078444850831
     253      | 288.4977577011097   | 35.49775770110972
     471      | 342.60548524527394   | 128.39451475472606
     217      | 278.73154948134044   | 61.73154948134044
     268      | 289.663893343119   | 21.663893343119014
     308      | 291.791468939059   | 16.208531060941027
     305      | 295.1349110416169   | 9.865088958383126
     465      | 324.60627719125534   | 140.39372280874466
     302      | 291.51465154074833   | 10.485348459251668
************Accuracy = 81.60047955703942 % **************
Training with learning rate = 0.1 and momentum = 0.1
Epoch loop: 1, Error: 0.022638347495928572
Actual Output    Predict Output          error 
     398      | 294.2397868938899   | 103.76021310611009
     232      | 255.61416446737337   | 23.61416446737337
     303      | 262.00286862380034   | 40.99713137619966
     447      | 323.6455489680744   | 123.35445103192558
     160      | 226.61946847286725   | 66.61946847286725
     235      | 256.91404160460615   | 21.914041604606155
     341      | 322.77056370788614   | 18.22943629211386
     209      | 257.1524468353772   | 48.15244683537719
     349      | 327.08474520584554   | 21.915254794154464
     296      | 296.60336369226945   | 0.6033636922694541
     308      | 302.8214762024123   | 5.178523797587673
     246      | 270.20819328514796   | 24.208193285147956
     245      | 267.95088364648035   | 22.95088364648035
     309      | 303.97064224127314   | 5.02935775872686
     390      | 285.5774405576755   | 104.42255944232448
     214      | 257.0071092417431   | 43.00710924174308
     231      | 261.9204939379208   | 30.92049393792081
     380      | 279.7518913506556   | 100.24810864934437
     242      | 264.80651938956555   | 22.80651938956555
     255      | 260.81643690039107   | 5.816436900391068
     322      | 313.42096419847815   | 8.579035801521854
     469      | 401.06227836568434   | 67.93772163431566
     410      | 354.7854951434972   | 55.2145048565028
     245      | 258.99353343089814   | 13.99353343089814
     253      | 280.35018274326046   | 27.35018274326046
     471      | 420.09840195669005   | 50.901598043309946
     217      | 255.65036123656773   | 38.65036123656773
     268      | 283.2244145772381   | 15.224414577238122
     308      | 289.2671830490392   | 18.732816950960796
     305      | 297.498834553523   | 7.501165446476989
     465      | 377.90437105704825   | 87.09562894295175
     302      | 288.5469697418182   | 13.453030258181798
************Accuracy = 87.58651274748793 % **************
Training with learning rate = 0.1 and momentum = 0.2
Epoch loop: 1, Error: 0.008850151443039321
Actual Output    Predict Output          error 
     398      | 295.86931039631463   | 102.13068960368537
     232      | 243.6606008852002   | 11.66060088520021
     303      | 252.64701231020769   | 50.352987689792315
     447      | 335.3132470550013   | 111.68675294499872
     160      | 206.64979680108507   | 46.649796801085074
     235      | 245.36130896551117   | 10.36130896551117
     341      | 333.58204520988255   | 7.417954790117449
     209      | 245.60604931067917   | 36.60604931067917
     349      | 339.2392382637187   | 9.760761736281324
     296      | 298.52453258606477   | 2.5245325860647654
     308      | 306.91676569282964   | 1.0832343071703576
     246      | 262.9904368058742   | 16.990436805874197
     245      | 259.9524496363241   | 14.952449636324104
     309      | 308.4444068796079   | 0.555593120392075
     390      | 284.2249213979228   | 105.7750786020772
     214      | 245.43394557438836   | 31.43394557438836
     231      | 251.92761779617882   | 20.927617796178822
     380      | 276.42822178161856   | 103.57177821838144
     242      | 255.77579600015474   | 13.775796000154742
     255      | 250.63133425289243   | 4.3686657471075705
     322      | 321.1176376706203   | 0.8823623293797027
     469      | 430.9461773727975   | 38.05382262720252
     410      | 374.9890205667957   | 35.010979433204284
     245      | 248.13234905289738   | 3.132349052897382
     253      | 276.58871131938685   | 23.588711319386846
     471      | 451.73053457885    | 19.269465421150016
     217      | 243.65961939303423   | 26.659619393034234
     268      | 280.491402981344   | 12.491402981343981
     308      | 288.7018386812838   | 19.29816131871621
     305      | 299.7771499030074   | 5.222850096992602
     465      | 403.94221614504147   | 61.05778385495853
     302      | 287.73556075976717   | 14.264439240232832
************Accuracy = 90.54162701182622 % **************
Training with learning rate = 0.1 and momentum = 0.3
Epoch loop: 1, Error: 0.005516307908686226
Actual Output    Predict Output          error 
     398      | 297.3857790413304   | 100.61422095866959
     232      | 237.24253654608157   | 5.242536546081567
     303      | 247.69601219083984   | 55.30398780916016
     447      | 342.12345513628793   | 104.87654486371207
     160      | 196.08806254972717   | 36.08806254972717
     235      | 239.160615001804   | 4.16061500180399
     341      | 340.2499411536552   | 0.7500588463448139
     209      | 239.3879135903619   | 30.387913590361904
     349      | 346.5854829980826   | 2.4145170019173747
     296      | 300.31610386089073   | 4.316103860890735
     308      | 309.93718683034086   | 1.9371868303408633
     246      | 259.34115720992014   | 13.34115720992014
     245      | 255.84483073288294   | 10.84483073288294
     309      | 311.6810310907256   | 2.6810310907255825
     390      | 284.0156325250009   | 105.98436747499909
     214      | 239.20454191720034   | 25.204541917200345
     231      | 246.65338279533552   | 15.653382795335517
     380      | 275.07884113292056   | 104.92115886707944
     242      | 251.07028423355825   | 9.070284233558255
     255      | 245.22069965864995   | 9.779300341350051
     322      | 326.1383946125195   | 4.138394612519505
     469      | 444.6138464261336   | 24.38615357386641
     410      | 386.02739194997815   | 23.972608050021847
     245      | 242.3259595386565   | 2.674040461343509
     253      | 275.00718817213755   | 22.007188172137546
     471      | 465.28667673572477   | 5.713323264275232
     217      | 237.20549778436907   | 20.205497784369072
     268      | 279.5450586626017   | 11.545058662601718
     308      | 289.00761168926533   | 18.99238831073467
     305      | 301.76698107782147   | 3.2330189221785304
     465      | 416.8066111283688   | 48.193388871631214
     302      | 287.8952118050802   | 14.10478819491982
************Accuracy = 91.81331213781972 % **************
Training with learning rate = 0.2 and momentum = 0.1
Epoch loop: 1, Error: 0.004600339795200456
Actual Output    Predict Output          error 
     398      | 298.9383501585754   | 99.06164984142458
     232      | 233.0070413420225   | 1.0070413420224895
     303      | 244.534034339051   | 58.465965660948996
     447      | 346.6928974704715   | 100.30710252952849
     160      | 188.86539244139533   | 28.86539244139533
     235      | 235.0814707000169   | 0.08147070001689372
     341      | 345.1536623525807   | 4.153662352580682
     209      | 235.28271937194376   | 26.282719371943756
     349      | 351.8423918278302   | 2.8423918278302267
     296      | 302.2048604972867   | 6.204860497286688
     308      | 312.64744535626943   | 4.647445356269429
     246      | 257.2258442624843   | 11.225844262484316
     245      | 253.38378367342312   | 8.383783673423125
     309      | 314.53107788983016   | 5.531077889830158
     390      | 284.3552406703244   | 105.6447593296756
     214      | 235.09313699652307   | 21.09313699652307
     231      | 243.3051604238903   | 12.3051604238903
     380      | 274.63875601286674   | 105.36124398713326
     242      | 248.16057853630645   | 6.160578536306446
     255      | 241.7440750826459   | 13.255924917354093
     322      | 330.09927175982637   | 8.099271759826365
     469      | 451.2923669428542   | 17.707633057145813
     410      | 392.89755428895626   | 17.102445711043742
     245      | 238.54837381612123   | 6.451626183878773
     253      | 274.46228816891954   | 21.462288168919542
     471      | 471.5181249454845   | 0.5181249454844874
     217      | 232.93269086918144   | 15.932690869181442
     268      | 279.48082572654175   | 11.480825726541752
     308      | 289.82971911455286   | 18.17028088544714
     305      | 303.77689194817833   | 1.2231080518216686
     465      | 423.68294964334814   | 41.31705035665186
     302      | 288.6048341493239   | 13.395165850676108
************Accuracy = 92.38117244843409 % **************
Training with learning rate = 0.2 and momentum = 0.2
Epoch loop: 1, Error: 0.004233571102860631
Actual Output    Predict Output          error 
     398      | 300.10646424129254   | 97.89353575870746
     232      | 231.17777462484293   | 0.8222253751570747
     303      | 243.31118410200475   | 59.688815897995255
     447      | 348.602302352271   | 98.39769764772899
     160      | 185.27365909722897   | 25.273659097228972
     235      | 233.3382626168658   | 1.6617373831342093
     341      | 347.5804633125841   | 6.580463312584072
     209      | 233.51780357298048   | 24.517803572980483
     349      | 354.31458288613373   | 5.314582886133735
     296      | 303.64889845677635   | 7.648898456776351
     308      | 314.43784476639775   | 6.437844766397745
     246      | 256.62249840141794   | 10.622498401417943
     245      | 252.58585732405567   | 7.585857324055667
     309      | 316.37113766637026   | 7.3711376663702595
     390      | 284.95686103036013   | 105.04313896963987
     214      | 233.32539681084285   | 19.325396810842847
     231      | 242.002785481689   | 11.002785481688989
     380      | 274.9031315369789   | 105.09686846302111
     242      | 247.1107443783443   | 5.110744378344293
     255      | 240.3567312733881   | 14.643268726611893
     322      | 332.3015951179402   | 10.301595117940224
     469      | 452.0413321573332   | 16.958667842666785
     410      | 395.24854516340224   | 14.751454836597759
     245      | 236.9861169411165   | 8.013883058883494
     253      | 274.7258954721299   | 21.725895472129878
     471      | 471.9194352727225   | 0.9194352727225237
     217      | 231.07356856805745   | 14.073568568057453
     268      | 279.99471865230186   | 11.994718652301856
     308      | 290.7773752564133   | 17.22262474358672
     305      | 305.25969222913363   | 0.2596922291336341
     465      | 425.01158431506474   | 39.98841568493526
     302      | 289.4870013520344   | 12.512998647965617
************Accuracy = 92.4715401564898 % **************
Training with learning rate = 0.2 and momentum = 0.3
Epoch loop: 1, Error: 0.004056644143899147
Actual Output    Predict Output          error 
     398      | 301.18330998276144   | 96.81669001723856
     232      | 230.23876038115662   | 1.7612396188433763
     303      | 242.85968292465282   | 60.140317075347184
     447      | 349.6249796198979   | 97.37502038010211
     160      | 182.9458221385495   | 22.945822138549488
     235      | 232.4618770861308   | 2.538122913869188
     341      | 349.0675456596042   | 8.067545659604207
     209      | 232.6213984532249   | 23.621398453224913
     349      | 355.72879064315555   | 6.728790643155548
     296      | 304.92902543559194   | 8.929025435591939
     308      | 315.8937604770359   | 7.893760477035926
     246      | 256.59316752766335   | 10.593167527663354
     245      | 252.411309164942   | 7.411309164941997
     309      | 317.84090901891176   | 8.84090901891176
     390      | 285.71371069177627   | 104.28628930822373
     214      | 232.42664190764378   | 18.426641907643784
     231      | 241.46024922010383   | 10.460249220103833
     380      | 275.48720223297187   | 104.51279776702813
     242      | 246.7509579993636   | 4.750957999363607
     255      | 239.76068464127462   | 15.239315358725378
     322      | 333.8414806986692   | 11.841480698669216
     469      | 450.58951025074833   | 18.410489749251667
     410      | 395.87606471171955   | 14.12393528828045
     245      | 236.2531825202779   | 8.746817479722097
     253      | 275.30818444358925   | 22.308184443589255
     471      | 470.1462114136028   | 0.8537885863971724
     217      | 230.10286457614552   | 13.102864576145521
     268      | 280.73523217827125   | 12.735232178271247
     308      | 291.79984637744036   | 16.20015362255964
     305      | 306.55268462251604   | 1.5526846225160398
     465      | 424.2868968782571   | 40.713103121742904
     302      | 290.4590541712038   | 11.540945828796225
************Accuracy = 92.4506029201804 % **************
**********************************************************************************
hidden_size = 16, Epoch=100
**********************************************************************************
Training with learning rate = 0.01 and momentum = 0.1
Epoch loop: 1, Error: 0.09721628335887571
Actual Output    Predict Output          error 
     445      | 294.36515995212915   | 150.63484004787085
     262      | 318.38751431360134   | 56.38751431360134
     457      | 290.08084155049545   | 166.91915844950455
     314      | 324.54729523985696   | 10.547295239856965
     365      | 298.6512755416228   | 66.3487244583772
     310      | 309.6716050639679   | 0.3283949360321117
     307      | 310.3373956317996   | 3.337395631799609
     440      | 285.4260395077493   | 154.5739604922507
     216      | 329.1890488291848   | 113.1890488291848
     192      | 330.45903612708815   | 138.45903612708815
     447      | 284.9330950951133   | 162.0669049048867
     322      | 309.15949633074    | 12.840503669259988
     213      | 329.7040676075991   | 116.70406760759909
     214      | 329.558861553089   | 115.558861553089
     465      | 295.99363858039544   | 169.00636141960456
     296      | 313.1527894315508   | 17.152789431550787
     340      | 319.2835258283867   | 20.7164741716133
     308      | 310.7928289088123   | 2.7928289088122824
     397      | 294.423763220965   | 102.57623677903501
     374      | 296.98909959284055   | 77.01090040715945
     330      | 315.5709717820901   | 14.429028217909888
     405      | 306.32676584695304   | 98.67323415304696
     250      | 327.026138655048   | 77.02613865504799
     471      | 282.9274357784804   | 188.0725642215196
     303      | 311.8168350695001   | 8.816835069500087
     433      | 287.7756102457685   | 145.22438975423148
     465      | 282.73586212749103   | 182.26413787250897
     412      | 303.590146296895   | 108.409853703105
     481      | 273.22031764383627   | 207.77968235616373
     234      | 325.89814043837333   | 91.89814043837333
     172      | 330.7144763106059   | 158.7144763106059
     294      | 313.8122509822327   | 19.812250982232683
************Accuracy = 71.81880317057819 % **************
Training with learning rate = 0.01 and momentum = 0.2
Epoch loop: 1, Error: 0.04949645493418285
Actual Output    Predict Output          error 
     445      | 310.3212430159615   | 134.6787569840385
     262      | 315.0355913646617   | 53.035591364661684
     457      | 312.25580704377484   | 144.74419295622516
     314      | 313.7066210721743   | 0.2933789278256995
     365      | 314.13856787799136   | 50.86143212200864
     310      | 313.87765845295314   | 3.877658452953142
     307      | 314.21320066066    | 7.213200660659993
     440      | 317.288088732462   | 122.71191126753803
     216      | 314.078820237378   | 98.07882023737801
     192      | 305.84009762723883   | 113.84009762723883
     447      | 316.7979533326895   | 130.20204666731053
     322      | 312.8682394110799   | 9.131760588920088
     213      | 315.1623263942236   | 102.16232639422361
     214      | 314.778713841727   | 100.77871384172698
     465      | 318.0558859197039   | 146.94411408029612
     296      | 315.44313788087027   | 19.443137880870268
     340      | 313.883998713082   | 26.116001286917992
     308      | 315.5656092799708   | 7.565609279970772
     397      | 314.8171942027237   | 82.18280579727627
     374      | 313.9926593053731   | 60.00734069462692
     330      | 316.49678226473924   | 13.503217735260762
     405      | 310.04096988491307   | 94.95903011508693
     250      | 313.78275438848016   | 63.78275438848016
     471      | 316.9567907253806   | 154.04320927461941
     303      | 315.03987406922994   | 12.039874069229938
     433      | 316.2892794422562   | 116.7107205577438
     465      | 318.7721215821548   | 146.2278784178452
     412      | 309.61231267769733   | 102.38768732230267
     481      | 315.38959120873056   | 165.61040879126944
     234      | 314.35067049966574   | 80.35067049966574
     172      | 305.6789984563598   | 133.6789984563598
     294      | 315.34926957983316   | 21.349269579833162
************Accuracy = 75.89991468987535 % **************
Training with learning rate = 0.01 and momentum = 0.3
Epoch loop: 1, Error: 0.03377294952021764
Actual Output    Predict Output          error 
     445      | 323.3492232053225   | 121.65077679467748
     262      | 309.8676616564498   | 47.8676616564498
     457      | 331.3221172078414   | 125.67788279215858
     314      | 301.74491029914543   | 12.255089700854569
     365      | 326.6452766430069   | 38.35472335699308
     310      | 315.7048788189659   | 5.704878818965881
     307      | 315.7291523432077   | 8.729152343207716
     440      | 345.8245668491748   | 94.1754331508252
     216      | 298.2775264071132   | 82.27752640711321
     192      | 281.80108981408057   | 89.80108981408057
     447      | 345.3581877534469   | 101.64181224655312
     322      | 314.2463088434232   | 7.753691156576792
     213      | 299.86082367289254   | 86.86082367289254
     214      | 299.26687896104045   | 85.26687896104045
     465      | 336.98457192922746   | 128.01542807077254
     296      | 315.4857706623275   | 19.485770662327525
     340      | 306.877630578072   | 33.122369421928
     308      | 317.9172213348737   | 9.917221334873716
     397      | 332.068004806399   | 64.93199519360098
     374      | 327.96090975797637   | 46.03909024202363
     330      | 315.2827535089978   | 14.717246491002186
     405      | 311.4482959475627   | 93.55170405243729
     250      | 299.6616418192276   | 49.66164181922761
     471      | 347.70914010675835   | 123.29085989324165
     303      | 315.94987450955614   | 12.949874509556139
     433      | 341.50950114133144   | 91.49049885866856
     465      | 351.4650592850387   | 113.5349407149613
     412      | 313.18134112164734   | 98.81865887835266
     481      | 354.5780451022482   | 126.42195489775179
     234      | 301.73948548799814   | 67.73948548799814
     172      | 281.28319446341874   | 109.28319446341874
     294      | 314.6926982711365   | 20.69269827113652
************Accuracy = 79.58776244767802 % **************
Training with learning rate = 0.1 and momentum = 0.1
Epoch loop: 1, Error: 0.022056937989536785
Actual Output    Predict Output          error 
     445      | 358.9230575450749   | 86.07694245492507
     262      | 288.91131691137997   | 26.91131691137997
     457      | 385.4490175375216   | 71.55098246247837
     314      | 261.58716008864127   | 52.41283991135873
     365      | 360.15331683211275   | 4.8466831678872495
     310      | 315.92198047689857   | 5.921980476898568
     307      | 314.96638741298096   | 7.966387412980964
     440      | 426.3175162323139   | 13.682483767686108
     216      | 247.88347288197252   | 31.883472881972523
     192      | 212.89355308472477   | 20.893553084724772
     447      | 426.04432891084025   | 20.95567108915975
     322      | 313.17230801068393   | 8.827691989316065
     213      | 250.72530891443665   | 37.72530891443665
     214      | 249.59735314173156   | 35.59735314173156
     465      | 391.1883923071165   | 73.81160769288351
     296      | 310.2622157460981   | 14.262215746098093
     340      | 280.9186768253578   | 59.08132317464219
     308      | 319.7763378916841   | 11.77633789168408
     397      | 380.2326489734838   | 16.767351026516224
     374      | 365.97401329660994   | 8.02598670339006
     330      | 306.37309303284576   | 23.62690696715424
     405      | 310.66246691133244   | 94.33753308866756
     250      | 253.7480574998935   | 3.7480574998934912
     471      | 434.4930987216868   | 36.506901278313194
     303      | 313.3848260364392   | 10.384826036439222
     433      | 412.9578661048614   | 20.04213389513859
     465      | 442.73739714855253   | 22.26260285144747
     412      | 319.098246215956   | 92.90175378404399
     481      | 462.5431803813509   | 18.456819618649092
     234      | 259.68383076655454   | 25.683830766554536
     172      | 211.63405885563134   | 39.63405885563134
     294      | 307.32100883608257   | 13.32100883608257
************Accuracy = 90.49785249514484 % **************
Training with learning rate = 0.1 and momentum = 0.2
Epoch loop: 1, Error: 0.004383597409676167
Actual Output    Predict Output          error 
     445      | 367.0245645258999   | 77.9754354741001
     262      | 284.3997816183559   | 22.399781618355917
     457      | 397.27319970598944   | 59.72680029401056
     314      | 253.3013756940917   | 60.69862430590831
     365      | 367.272507261318   | 2.272507261318026
     310      | 315.9662044807178   | 5.966204480717806
     307      | 314.7735807678857   | 7.773580767885676
     440      | 441.71459059066035   | 1.7145905906603502
     216      | 237.63870523624968   | 21.638705236249677
     192      | 199.89431075141607   | 7.8943107514160715
     447      | 441.5965905417712   | 5.4034094582287935
     322      | 313.0753110819278   | 8.924688918072206
     213      | 240.7704317808715   | 27.77043178087149
     214      | 239.52427795662703   | 25.52427795662703
     465      | 404.6006416124361   | 60.39935838756389
     296      | 309.23908104377654   | 13.239081043776537
     340      | 275.92632284249015   | 64.07367715750985
     308      | 320.2604234748077   | 12.26042347480768
     397      | 390.34311108528084   | 6.656888914719161
     374      | 373.9514287810193   | 0.048571218980725916
     330      | 304.8310079740327   | 25.168992025967327
     405      | 310.8983311047144   | 94.10166889528563
     250      | 244.44758580441106   | 5.552414195588938
     471      | 451.3785925250131   | 19.62140747498688
     303      | 312.93021579305    | 9.930215793050024
     433      | 427.0449674801845   | 5.955032519815518
     465      | 459.75054374095134   | 5.249456259048657
     412      | 320.80695134861435   | 91.19304865138565
     481      | 482.13942724688303   | 1.1394272468830309
     234      | 250.8588729355564   | 16.858872935556406
     172      | 198.51786544587003   | 26.51786544587003
     294      | 305.8088973254627   | 11.80889732546268
************Accuracy = 92.46769771801964 % **************
Training with learning rate = 0.1 and momentum = 0.3
Epoch loop: 1, Error: 0.003620445049422069
Actual Output    Predict Output          error 
     445      | 369.56803206677876   | 75.43196793322124
     262      | 283.43592654560314   | 21.435926545603138
     457      | 400.62634265945786   | 56.37365734054214
     314      | 251.3668518595793   | 62.6331481404207
     365      | 368.98151955149876   | 3.9815195514987636
     310      | 316.16829191325877   | 6.16829191325877
     307      | 314.8916413068736   | 7.891641306873623
     440      | 444.80658744808363   | 4.806587448083633
     216      | 235.02316489519052   | 19.02316489519052
     192      | 196.1758862651314   | 4.175886265131396
     447      | 444.8511009242203   | 2.1488990757796955
     322      | 313.4029092942464   | 8.597090705753601
     213      | 238.33438357714465   | 25.33438357714465
     214      | 237.02045434557482   | 23.02045434557482
     465      | 410.1900348979983   | 54.809965102001684
     296      | 309.31252837140664   | 13.312528371406643
     340      | 275.43940110173645   | 64.56059889826355
     308      | 320.6650484304548   | 12.665048430454817
     397      | 392.70924517152434   | 4.290754828475656
     374      | 375.7607806474447   | 1.760780647444676
     330      | 305.0906398572961   | 24.909360142703918
     405      | 311.60764985146176   | 93.39235014853824
     250      | 242.2692166047816   | 7.7307833952183955
     471      | 455.44100666744663   | 15.55899333255337
     303      | 313.1334556572425   | 10.133455657242507
     433      | 429.96775810713365   | 3.0322418928663524
     465      | 463.3923439266947   | 1.607656073305293
     412      | 321.88422490063107   | 90.11577509936893
     481      | 487.0940807196573   | 6.094080719657313
     234      | 248.58212353901462   | 14.582123539014617
     172      | 194.72367193515754   | 22.72367193515754
     294      | 305.7338746147689   | 11.733874614768922
************Accuracy = 92.81726986595973 % **************
Training with learning rate = 0.2 and momentum = 0.1
Epoch loop: 1, Error: 0.003507521281516563
Actual Output    Predict Output          error 
     445      | 370.9893794735493   | 74.01062052645068
     262      | 283.44948451787945   | 21.449484517879455
     457      | 402.0755294433317   | 54.924470556668325
     314      | 251.05357182325116   | 62.94642817674884
     365      | 369.27122263254734   | 4.271222632547335
     310      | 316.5134506234161   | 6.513450623416077
     307      | 315.17701954248963   | 8.177019542489631
     440      | 444.4668896408094   | 4.466889640809427
     216      | 234.189279635226   | 18.189279635226
     192      | 194.25725509222872   | 2.257255092228718
     447      | 444.74952746966824   | 2.2504725303317628
     322      | 314.03065815565276   | 7.969341844347241
     213      | 237.7227867947501   | 24.722786794750107
     214      | 236.32780043629828   | 22.327800436298276
     465      | 415.07418506339025   | 49.925814936609754
     296      | 309.84546465538483   | 13.84546465538483
     340      | 276.5146783584853   | 63.4853216415147
     308      | 321.204376343642   | 13.204376343642025
     397      | 393.03381603225034   | 3.9661839677496573
     374      | 375.8932447488721   | 1.893244748872121
     330      | 306.17058599329107   | 23.82941400670893
     405      | 312.80606716661146   | 92.19393283338854
     250      | 241.88901750596102   | 8.110982494038979
     471      | 456.33789501507266   | 14.662104984927339
     303      | 313.678550750558   | 10.678550750557974
     433      | 429.7920414213712   | 3.2079585786287907
     465      | 463.4988074402436   | 1.5011925597564186
     412      | 323.1689198070702   | 88.83108019292979
     481      | 488.7305294326765   | 7.730529432676519
     234      | 247.8466671589851   | 13.846667158985099
     172      | 192.70395524545086   | 20.703955245450857
     294      | 306.18852443334595   | 12.188524433345947
************Accuracy = 92.98354200300355 % **************
Training with learning rate = 0.2 and momentum = 0.2
Epoch loop: 1, Error: 0.003399785012574603
Actual Output    Predict Output          error 
     445      | 372.0630780876055   | 72.9369219123945
     262      | 283.74004937417806   | 21.740049374178056
     457      | 402.95161587150847   | 54.048384128491534
     314      | 251.18985424722626   | 62.810145752773735
     365      | 369.19319022154986   | 4.193190221549855
     310      | 316.9033426657402   | 6.903342665740183
     307      | 315.51554278399385   | 8.515542783993851
     440      | 443.1898985339866   | 3.189898533986593
     216      | 233.85928427379656   | 17.85928427379656
     192      | 192.8867568297739   | 0.8867568297739012
     447      | 443.7209178782939   | 3.2790821217060966
     322      | 314.7268367059218   | 7.273163294078188
     213      | 237.6171736415219   | 24.6171736415219
     214      | 236.1403789956351   | 22.140378995635103
     465      | 419.4927131789237   | 45.50728682107632
     296      | 310.4956292323899   | 14.495629232389888
     340      | 277.97894321237675   | 62.02105678762325
     308      | 321.77525952066753   | 13.775259520667532
     397      | 392.8239810691135   | 4.176018930886528
     374      | 375.590378218583   | 1.5903782185829982
     330      | 307.43853738799277   | 22.561462612007233
     405      | 314.104944366541   | 90.89505563345898
     250      | 242.00598275682592   | 7.994017243174085
     471      | 456.3063918402899   | 14.693608159710095
     303      | 314.3104492792502   | 11.310449279250179
     433      | 428.77852918325254   | 4.2214708167474555
     465      | 462.60017797403907   | 2.3998220259609297
     412      | 324.47583099007653   | 87.52416900992347
     481      | 489.30300940839743   | 8.303009408397429
     234      | 247.5546002079006   | 13.554600207900592
     172      | 191.22955000458006   | 19.229550004580062
     294      | 306.78109592004614   | 12.781095920046141
************Accuracy = 93.0936270628687 % **************
Training with learning rate = 0.2 and momentum = 0.3
Epoch loop: 1, Error: 0.0032925009923391547
Actual Output    Predict Output          error 
     445      | 373.1907765456159   | 71.8092234543841
     262      | 284.0772491218781   | 22.077249121878083
     457      | 403.8401524659843   | 53.15984753401568
     314      | 251.3584362176906   | 62.64156378230939
     365      | 369.1248588138849   | 4.1248588138848845
     310      | 317.34037785464335   | 7.34037785464335
     307      | 315.8981559441453   | 8.898155944145287
     440      | 441.75873633868287   | 1.7587363386828656
     216      | 233.53079729660078   | 17.53079729660078
     192      | 191.4743802295855   | 0.5256197704144938
     447      | 442.5505070973095   | 4.449492902690508
     322      | 315.4786817138081   | 6.5213182861918995
     213      | 237.52328758372477   | 24.523287583724766
     214      | 235.96019062394572   | 21.96019062394572
     465      | 424.01489538134683   | 40.98510461865317
     296      | 311.2036197828721   | 15.203619782872124
     340      | 279.5541959679922   | 60.4458040320078
     308      | 322.3980098201733   | 14.398009820173286
     397      | 392.61134442586604   | 4.3886555741339635
     374      | 375.2759257059791   | 1.2759257059790912
     330      | 308.79483454100335   | 21.205165458996646
     405      | 315.49893459374744   | 89.50106540625256
     250      | 242.1545733885087   | 7.845426611491291
     471      | 456.16497649628195   | 14.835023503718048
     303      | 314.999874066529   | 11.999874066529003
     433      | 427.65225492009563   | 5.347745079904371
     465      | 461.5311006554881   | 3.4688993445118967
     412      | 325.87586106781765   | 86.12413893218235
     481      | 489.69578587674795   | 8.695785876747948
     234      | 247.27075606422534   | 13.270756064225338
     172      | 189.70864405334214   | 17.70864405334214
     294      | 307.42775087212397   | 13.427750872123966
************Accuracy = 93.18822324931129 % **************
